Epoch	d_clean_loss	d_noisy_loss	g_loss	g_conditional_loss	time
1	0.25248703360557556	0.18932406604290009	1.1616148948669434	0.9833624362945557	02:12:22.470568
2	0.24568554759025574	0.2373901605606079	0.9832897186279297	0.8338847160339355	02:13:28.863542
3	0.2476830631494522	0.21556532382965088	0.8363062143325806	0.6864263415336609	02:14:33.924368
4	0.25395387411117554	0.22478783130645752	0.7820884585380554	0.6372831463813782	02:15:39.051428
5	0.24229077994823456	0.23870599269866943	0.7403433322906494	0.6015663146972656	02:16:44.052370
6	0.23991437256336212	0.25739535689353943	0.712948739528656	0.5913437604904175	02:17:50.546834
7	0.22510722279548645	0.26777130365371704	0.6875681281089783	0.5585430264472961	02:18:55.619595
8	0.2578493654727936	0.24009835720062256	0.7206668257713318	0.589059591293335	02:20:00.722504
9	0.24009139835834503	0.2532798945903778	0.6939072012901306	0.5694894790649414	02:21:05.837787
10	0.23866181075572968	0.25787413120269775	0.7278534770011902	0.6023741364479065	02:22:11.011304
11	0.2521929144859314	0.23439562320709229	0.6769147515296936	0.5389939546585083	02:23:17.883584
12	0.24745868146419525	0.24830275774002075	0.7134687900543213	0.5831506848335266	02:24:22.962773
13	0.2379271537065506	0.26078298687934875	0.5829668045043945	0.4635095000267029	02:25:28.044807
14	0.2450706660747528	0.251380056142807	0.6401380896568298	0.5127568244934082	02:26:33.087983
15	0.2486065924167633	0.2505647838115692	0.6319767832756042	0.5072851777076721	02:27:38.269591
16	0.2340114712715149	0.2658727765083313	0.7102728486061096	0.5894693732261658	02:28:45.011972
17	0.2507695257663727	0.24761775135993958	0.570441722869873	0.4445748031139374	02:29:50.120831
18	0.23888468742370605	0.23855480551719666	0.7561671733856201	0.6131760478019714	02:30:55.159186
19	0.23484459519386292	0.2617233991622925	0.6329513192176819	0.5111044645309448	02:32:00.178592
20	0.24424761533737183	0.2534394860267639	0.5875056982040405	0.46246472001075745	02:33:05.201544
21	0.24933508038520813	0.2478160560131073	0.6123967170715332	0.48451822996139526	02:34:11.486622
22	0.24823924899101257	0.2527181804180145	0.5258369445800781	0.40166521072387695	02:35:16.433090
23	0.24788686633110046	0.25255921483039856	0.6054491996765137	0.48190397024154663	02:36:21.420376
24	0.24359960854053497	0.2532654106616974	0.5872422456741333	0.4632413387298584	02:37:26.357961
25	0.2532931864261627	0.2484874427318573	0.5359845161437988	0.4110204875469208	02:38:31.317229
26	0.24924802780151367	0.2505755126476288	0.6261376142501831	0.5012417435646057	02:39:37.542414
27	0.24553214013576508	0.25435662269592285	0.6009426712989807	0.47656771540641785	02:40:42.560113
28	0.2536110579967499	0.24500690400600433	0.5276975631713867	0.4000067710876465	02:41:47.555294
29	0.2516261339187622	0.2478760927915573	0.5281791090965271	0.4018361568450928	02:42:52.546089
30	0.25525495409965515	0.24270576238632202	0.6032888889312744	0.47391727566719055	02:43:57.526029
31	0.2538118064403534	0.24545744061470032	0.5285918712615967	0.39639735221862793	02:45:03.813766
32	0.24928158521652222	0.23969894647598267	0.5520119667053223	0.4187474548816681	02:46:08.756699
33	0.26672855019569397	0.23207467794418335	0.4855636954307556	0.3496054410934448	02:47:13.710792
34	0.19340214133262634	0.30167609453201294	0.607890784740448	0.4961560070514679	02:48:18.672178
35	0.23221158981323242	0.2609918713569641	0.5801786780357361	0.44685667753219604	02:49:23.669553
36	0.23999057710170746	0.24564437568187714	0.5751555562019348	0.44601666927337646	02:50:30.014098
37	0.24752305448055267	0.24175690114498138	0.5077180862426758	0.37816131114959717	02:51:35.013888
38	0.2456890493631363	0.2386798858642578	0.5284135341644287	0.38760170340538025	02:52:40.039035
39	0.24761544167995453	0.24269327521324158	0.517043948173523	0.3878401517868042	02:53:44.933136
40	0.25907641649246216	0.2334146946668625	0.4984016418457031	0.37277668714523315	02:54:49.880494
41	0.2650779187679291	0.2247481346130371	0.5727248191833496	0.4060741066932678	02:55:56.631804
42	0.24996143579483032	0.23472128808498383	0.49261710047721863	0.3610917329788208	02:57:01.639278
43	0.24288661777973175	0.24293959140777588	0.47782647609710693	0.34526336193084717	02:58:06.559979
44	0.21638743579387665	0.2692435681819916	0.5468116402626038	0.42458707094192505	02:59:11.537395
45	0.23959514498710632	0.2523566484451294	0.5107806921005249	0.3813576400279999	03:00:16.489202
46	0.24684599041938782	0.24289578199386597	0.5242283940315247	0.3842315971851349	03:01:22.651138
47	0.24769999086856842	0.24052472412586212	0.5431902408599854	0.4124869704246521	03:02:27.555399
48	0.2503834664821625	0.24972672760486603	0.4727557301521301	0.3440611958503723	03:03:32.551355
49	0.2503613829612732	0.23864562809467316	0.514110267162323	0.390512615442276	03:04:37.477958
50	0.23932000994682312	0.24783793091773987	0.500815212726593	0.3653915226459503	03:05:42.435797
51	0.2505234479904175	0.24379493296146393	0.4654505252838135	0.33057117462158203	03:06:48.970078
52	0.2579268515110016	0.24071739614009857	0.4650903344154358	0.33322715759277344	03:07:53.912389
53	0.24392057955265045	0.25054189562797546	0.4916756749153137	0.3635144531726837	03:08:58.849881
54	0.25211361050605774	0.24080587923526764	0.44872385263442993	0.3211800754070282	03:10:03.762360
55	0.23435471951961517	0.257916122674942	0.49802350997924805	0.3784993886947632	03:11:08.747668
56	0.24943381547927856	0.24528121948242188	0.44104671478271484	0.30520156025886536	03:12:15.017114
57	0.24106049537658691	0.23958460986614227	0.5224217772483826	0.3851521611213684	03:13:19.954945
58	0.2619454264640808	0.23259149491786957	0.4341118633747101	0.3024372458457947	03:14:24.862722
59	0.23146796226501465	0.26172253489494324	0.46812713146209717	0.33332258462905884	03:15:29.764152
60	0.2523888945579529	0.23341424763202667	0.4707053601741791	0.32900720834732056	03:16:34.728996
61	0.26252055168151855	0.22904753684997559	0.471652090549469	0.3401920795440674	03:17:41.234619
62	0.24287186563014984	0.25078630447387695	0.46977922320365906	0.33914047479629517	03:18:46.210274
63	0.23913788795471191	0.2551726996898651	0.4577901363372803	0.3253888487815857	03:19:51.192734
64	0.24090765416622162	0.24695312976837158	0.48765629529953003	0.35082587599754333	03:20:56.195971
65	0.23739959299564362	0.24828758835792542	0.4646492004394531	0.33301234245300293	03:22:01.151899
66	0.26025184988975525	0.23589277267456055	0.4386327862739563	0.30588415265083313	03:23:07.613595
67	0.23076586425304413	0.259575217962265	0.4442627429962158	0.3187296986579895	03:24:12.576994
68	0.24294784665107727	0.2540334463119507	0.47096431255340576	0.3468855619430542	03:25:17.527696
69	0.257723867893219	0.23500576615333557	0.47353965044021606	0.34408822655677795	03:26:22.470540
70	0.281840980052948	0.21546629071235657	0.46636825799942017	0.32619526982307434	03:27:27.425073
71	0.2625766694545746	0.24538853764533997	0.49298641085624695	0.3724023103713989	03:28:33.594128
72	0.2376219630241394	0.26088979840278625	0.4281342625617981	0.3005198538303375	03:29:38.553519
73	0.24568578600883484	0.25171294808387756	0.4361925721168518	0.31301942467689514	03:30:43.467890
74	0.2369726449251175	0.24915020167827606	0.49677926301956177	0.3593193292617798	03:31:48.419149
75	0.24803945422172546	0.240873321890831	0.4629742503166199	0.32585084438323975	03:32:53.476482
76	0.2527638375759125	0.23422975838184357	0.4487665295600891	0.31763407588005066	03:34:00.523566
77	0.24743536114692688	0.2481180876493454	0.4140227437019348	0.28996434807777405	03:35:05.431286
78	0.24129407107830048	0.2463008016347885	0.4720991849899292	0.34108543395996094	03:36:10.438532
79	0.25159183144569397	0.24001309275627136	0.42474526166915894	0.29145243763923645	03:37:15.400094
80	0.24434414505958557	0.24275891482830048	0.4120127558708191	0.2737773060798645	03:38:20.375545
81	0.2760809659957886	0.22059950232505798	0.39547890424728394	0.26579877734184265	03:39:26.543423
82	0.23506857454776764	0.2551027834415436	0.4564651846885681	0.3263760805130005	03:40:31.472605
83	0.2561380863189697	0.23370236158370972	0.40879082679748535	0.2745216488838196	03:41:36.487662
84	0.23655013740062714	0.25635334849357605	0.43283766508102417	0.3014467656612396	03:42:41.405995
85	0.2647656798362732	0.2303159236907959	0.4102950990200043	0.28282201290130615	03:43:46.327237
86	0.2512724697589874	0.23944570124149323	0.4128984212875366	0.28116121888160706	03:44:52.552226
