Epoch	d_clean_loss	d_noisy_loss	g_loss	g_conditional_loss	time
1	9.356609931288062e-10	0.9998787641525269	100.00399017333984	100.00399017333984	13:52:01.256059
2	1.3899980721987504e-08	0.9995308518409729	100.42292785644531	99.99372100830078	13:53:18.010776
3	6.791069608880207e-06	0.9991744160652161	100.00336456298828	100.00336456298828	13:54:33.466751
4	7.853323040762916e-06	0.9919683337211609	100.01050567626953	100.00025177001953	13:55:49.326956
5	0.16860170662403107	0.3041135370731354	100.1410903930664	99.99934387207031	13:57:05.166865
6	0.07780245691537857	0.45369747281074524	100.0582275390625	100.00393676757812	13:58:20.985622
7	0.022690143436193466	0.6566022038459778	100.01879119873047	99.99983978271484	13:59:36.720561
8	0.007252166513353586	0.7544273734092712	100.00666046142578	99.99772644042969	14:00:52.437956
9	0.003138201078400016	0.8676195740699768	100.00487518310547	100.00235748291016	14:02:08.107075
10	0.0017580941785126925	0.8733788132667542	99.99813079833984	99.99581909179688	14:03:23.691905
11	0.0010047926334664226	0.9066752195358276	100.0026626586914	100.0014877319336	14:04:39.335077
12	0.0006510675302706659	0.927918016910553	99.99559783935547	99.9948501586914	14:05:54.977396
13	0.00017905245476868004	0.9566814303398132	100.00645446777344	100.00614929199219	14:07:10.666375
14	6.597543688258156e-05	0.972812831401825	99.99346160888672	99.99333953857422	14:08:26.331712
15	6.682980165351182e-05	0.9698603749275208	99.99524688720703	99.9950942993164	14:09:41.976470
16	3.4797703847289085e-05	0.9796811938285828	100.00530242919922	100.00523376464844	14:10:57.597131
17	2.2728296244167723e-05	0.9843450784683228	99.99723052978516	99.9971923828125	14:12:13.187640
18	0.00011739241745090112	0.9671127200126648	99.98885345458984	99.98870086669922	14:13:28.590501
19	0.00010746739280875772	0.9751406311988831	100.00244903564453	100.00234985351562	14:14:43.980968
20	1.9369012079550885e-05	0.9824244379997253	100.00273132324219	100.002685546875	14:15:59.367015
21	1.0263921467412729e-05	0.9863554239273071	100.00788879394531	100.00785827636719	14:17:15.820097
22	8.406065717281308e-06	0.9869879484176636	99.99711608886719	99.9970932006836	14:18:31.386736
23	8.037117368075997e-06	0.9873948097229004	99.99639892578125	99.99637603759766	14:19:46.974069
24	1.2674629033426754e-05	0.9892922043800354	99.99484252929688	99.99482727050781	14:21:02.569361
25	1.672236612648703e-05	0.9899774789810181	100.00374603271484	100.00373077392578	14:22:18.055627
26	1.2117214282625355e-05	0.9846231341362	99.99795532226562	99.99791717529297	14:23:33.295182
27	1.5946512576192617e-05	0.9874392151832581	100.00214385986328	100.00211334228516	14:24:48.495619
28	1.673156839387957e-05	0.9866229891777039	99.99983215332031	99.99980926513672	14:26:03.995998
29	7.696581633354072e-06	0.9885987043380737	100.0029067993164	100.00288391113281	14:27:19.521638
30	8.987629371404182e-06	0.9902005195617676	100.0036849975586	100.00366973876953	14:28:35.048489
31	8.090813025773969e-06	0.9916725754737854	100.00340270996094	100.00338745117188	14:29:50.574024
32	5.444901944429148e-06	0.9874273538589478	100.01085662841797	100.01083374023438	14:31:05.777863
33	3.30846842189203e-06	0.9894692897796631	100.00116729736328	100.00112915039062	14:32:20.857383
34	4.528300451056566e-06	0.9888129830360413	100.00250244140625	100.0024642944336	14:33:35.913070
35	3.855331669910811e-06	0.9276228547096252	100.00956726074219	100.00627136230469	14:34:51.020928
36	6.852873866591835e-06	0.7598021626472473	100.13260650634766	99.99434661865234	14:36:06.120569
37	8.850350241118576e-06	0.7770635485649109	100.44065856933594	100.00180053710938	14:37:21.216453
38	9.921337550622411e-06	0.3207065165042877	100.41744232177734	99.9985580444336	14:38:36.463918
39	2.6888190404861234e-05	0.00019235887157265097	100.49603271484375	99.99737548828125	14:39:51.589914
40	1.0084831046697218e-05	0.2710558772087097	100.50624084472656	100.0062484741211	14:41:06.708669
41	5.669222446158528e-05	2.062038084280247e-31	100.50067138671875	100.00067138671875	14:42:23.181686
42	8.613969839643687e-06	1.4473865615094672e-33	100.50984954833984	100.00984954833984	14:43:38.276560
43	1.278045942854078e-06	9.154405005535986e-24	100.51127624511719	100.01127624511719	14:44:53.348171
44	1.8741313567716134e-07	8.572256674031081e-14	100.50572204589844	100.00572204589844	14:46:08.449544
45	8.209901380951123e-08	3.394768612088547e-26	100.49839782714844	99.99839782714844	14:47:23.513462
46	1.1263995247645653e-06	0.5601387619972229	100.0341796875	100.0087890625	14:48:38.525591
47	8.959530006791283e-09	0.10139595717191696	100.50355529785156	100.00355529785156	14:49:53.598415
48	1.1718454970832681e-06	1.2391646374775401e-18	100.4999771118164	99.9999771118164	14:51:08.666770
49	1.4490504440800578e-07	4.0323148469142106e-20	100.49372100830078	99.99372100830078	14:52:23.697537
50	3.4281208627362503e-07	1.5336188141645835e-07	100.4961166381836	99.9961166381836	14:53:38.774626
51	5.919744694438123e-08	4.943615470058473e-15	100.5020523071289	100.0020523071289	14:54:53.842868
52	4.084066773657469e-08	2.522354341453342e-13	100.49991607666016	99.99991607666016	14:56:09.080320
53	1.1215545825393747e-08	9.727166798256803e-06	100.50225067138672	100.00225067138672	14:57:24.180135
54	1.6943491942811306e-08	6.80452439186241e-12	100.4893569946289	99.98936462402344	14:58:39.371140
55	1.3449040103807874e-08	5.032691711287507e-12	100.51399230957031	100.01399230957031	14:59:54.571674
56	2.164822765493568e-09	4.358393854153597e-12	100.50521087646484	100.00523376464844	15:01:09.722960
57	9.841016890277388e-10	2.136203713920537e-10	100.48929595947266	99.99720001220703	15:02:24.906984
58	5.745022235714714e-10	5.556308906307095e-07	100.50231170654297	100.00231170654297	15:03:40.008670
59	2.729864667649906e-10	3.430000742489431e-24	100.48539733886719	99.98539733886719	15:04:55.119149
60	4.09690836811194e-10	5.041176310609134e-20	100.50129699707031	100.00129699707031	15:06:10.286465
61	1.4430311112700878e-10	6.731172610547219e-24	100.49816131591797	99.99816131591797	15:07:26.636709
62	7.230381848799539e-10	1.078834080502765e-18	100.50135040283203	100.00135040283203	15:08:41.824367
63	5.353026355514601e-11	7.27259185084048e-15	100.49969482421875	99.99969482421875	15:09:57.051323
64	3.0421382080092485e-10	2.788049709348116e-16	100.50135803222656	100.00135803222656	15:11:12.204764
65	1.4284143312615072e-10	2.5629095166382256e-15	100.49671936035156	99.99671936035156	15:12:27.308433
66	1.9330417821983303e-10	1.3362824735629886e-11	100.50089263916016	100.00089263916016	15:13:42.415881
67	1.52543380704806e-10	6.932873871344503e-14	100.49909210205078	99.99909210205078	15:14:57.524360
68	6.572114380487548e-11	1.3270280707633475e-10	100.49607849121094	99.99607849121094	15:16:12.677806
69	1.5515411178057548e-10	4.521661057534958e-17	100.50167083740234	100.00167083740234	15:17:27.851238
70	3.0069965961665446e-10	7.06248323711911e-11	100.5151138305664	100.0151138305664	15:18:42.933709
71	4.2821367979284375e-11	7.44215260028774e-15	100.50099182128906	100.00099182128906	15:19:58.037202
72	5.310799716662373e-11	6.3519592847984264e-24	100.4943618774414	99.9943618774414	15:21:13.236423
73	2.8555699471688456e-11	4.3316041807009084e-14	100.49772644042969	99.99772644042969	15:22:28.379018
74	2.920960140428974e-10	6.9946794938133966e-15	100.49524688720703	99.99524688720703	15:23:43.563567
75	1.4974181616889126e-10	1.948347832252302e-18	100.50099182128906	100.00099182128906	15:24:58.680615
76	2.7721318296425324e-11	9.682924899173315e-16	100.49649810791016	99.99649810791016	15:26:13.763512
77	7.830993492552452e-11	6.113758452405346e-14	100.50523376464844	100.00523376464844	15:27:28.882958
78	5.006281500463672e-11	3.460498783505654e-20	100.50386047363281	100.00386047363281	15:28:43.997170
79	4.990243288038876e-11	1.649568537320789e-10	100.48529815673828	99.98529815673828	15:29:59.099518
80	3.839976253638966e-11	6.451385497322057e-18	100.50884246826172	100.00884246826172	15:31:14.216183
81	1.448126757397361e-10	7.017983847598297e-19	100.49178314208984	99.99178314208984	15:32:30.792521
82	4.136576844948614e-11	5.491325350397592e-19	100.50975036621094	100.00975036621094	15:33:45.883542
83	5.3166870211951434e-11	7.170166153522284e-13	100.50114440917969	100.00114440917969	15:35:01.000430
84	2.4349284741265187e-11	1.7033703396759524e-15	100.50491333007812	100.00491333007812	15:36:16.143520
85	8.279447266668072e-11	4.997442296274116e-15	100.49246978759766	99.99246978759766	15:37:31.281796
86	1.7789960476966016e-11	9.767557784285004e-17	100.49775695800781	99.99775695800781	15:38:46.336339
87	5.6557175609484034e-11	2.897120564282485e-11	100.49776458740234	99.99776458740234	15:40:01.462119
88	2.680573298052824e-11	1.045943497511763e-17	100.4930419921875	99.9930419921875	15:41:16.574407
89	7.164504406409478e-11	2.3675398447275953e-11	100.50064086914062	100.00064086914062	15:42:31.635489
90	2.6517456633290415e-11	2.860788342329279e-11	100.50853729248047	100.00853729248047	15:43:46.721899
91	2.2396308765881834e-11	6.119341687017832e-13	100.50333404541016	100.00334167480469	15:45:01.772799
92	1.5556826660212408e-11	5.969322420709323e-17	100.4990005493164	99.9990005493164	15:46:16.913863
93	1.1190033274988131e-11	4.099667416798073e-15	100.49626922607422	99.99626922607422	15:47:32.260130
94	2.8133433083166182e-11	6.716101792406245e-15	100.49661254882812	99.99661254882812	15:48:47.326176
95	3.4116202918266225e-11	5.088177312616944e-15	100.49510955810547	99.99510955810547	15:50:02.421857
96	2.2739398905513575e-11	3.018162664236712e-10	100.52015686035156	100.02015686035156	15:51:17.682135
97	1.531321250358708e-11	6.58372372470064e-17	100.49396514892578	99.99396514892578	15:52:32.801142
98	8.816008340017945e-11	2.829632012566708e-17	100.50578308105469	100.00578308105469	15:53:47.974235
99	3.416898708419325e-11	7.557169510129507e-15	100.49024963378906	99.99024963378906	15:55:03.023524
100	1.5546675058430992e-11	4.269659491303943e-17	100.49958038330078	99.99958038330078	15:56:18.099801
